21,12
21,11
21,10
21,9
21,8
21,7
21,6
21,5
21,4
21,3
21,2
21,1
21,0
20,3
20,2
20,1
20,0
19,32
19,31
19,30
19,29
19,28
19,27
19,25
19,24
19,21
19,20
19,19
19,18
19,17
19,15
19,14
19,13
19,12
19,11
19,10
19,8
19,5
19,4
19,2
16,3
16,2
16,1
16,0
14,3
14,2
14,1
14,0
4,3
4,2
4,1
4,0
3,6
3,5
3,4
3,3
3,2
3,1
3,0
2,18
2,17
2,16
2,15
2,14
2,13
2,12
2,11
2,10
2,9
2,8
2,7
2,6
2,5
2,4
2,3
2,2
2,1
2,0
1,3
1,2
1,1
1,0
0,448
0,447
0,445
0,442
0,441
0,440
0,439
0,423
0,408
0,322
0,312
0,243
19,16
19,26
19,7
19,1
19,6
19,23
19,22
19,9
19,3
19,0
0,9
0,310
0,305
0,444
0,308
0,304
0,303
0,302
0,307
0,446
0,12
0,438
0,10
0,8
0,0
0,400
0,300
0,376
0,299
0,346
0,298
0,396
0,297
0,368
0,296
0,329
0,295
0,435
0,294
0,395
0,293
0,363
0,292
0,415
0,291
0,421
0,290
0,388
0,289
0,315
0,288
0,412
0,287
0,394
0,286
0,373
0,285
0,434
0,284
0,389
0,283
0,367
0,282
0,365
0,281
0,401
0,280
0,344
0,279
0,316
0,278
0,403
0,277
0,354
0,276
0,385
0,275
0,352
0,274
21,13
21,14
22,0
22,1
22,3
22,4
23,1
23,3
23,4
24,1
24,2
24,4
25,1
25,2
26,0
26,1
26,3
26,4
26,6
27,1
27,2
27,4
28,0
28,2
29,0
29,1
29,3
29,4
29,6
29,7
30,0
30,2
30,3
30,5
31,0
31,2
31,4
31,5
32,1
32,2
32,4
32,5
33,1
33,3
33,4
34,0
34,1
34,3
35,1
35,2
35,4
36,0
36,2
36,4
36,5
37,1
37,2
37,4
37,5
37,7
37,9
37,10
37,12
37,13
37,15
37,17
37,18
38,1
38,2
39,0
39,1
39,3
39,5
39,6
40,1
40,2
40,4
41,1
41,2
41,4
41,5
42,0
42,1
42,3
43,1
43,2
43,4
43,5
44,1
44,3
44,4
45,0
45,1
45,3
46,0
46,1
46,3
46,4
47,0
47,1
47,3
48,0
48,1
48,3
48,4
49,0
49,2
49,3
50,1
50,2
50,4
51,0
51,2
51,4
52,0
52,2
52,3
52,5
52,7
52,8
53,0
53,1
53,3
53,4
54,0
54,2
54,3
54,5
55,0
55,2
55,4
55,5
56,1
56,2
56,4
57,0
57,2
58,0
58,1
58,3
58,4
58,6
59,0
59,1
59,3
59,4
60,1
60,3
60,4
61,1
61,2
62,0
62,1
62,3
63,0
63,1
63,3
64,0
64,2
64,4
64,5
65,1
65,2
65,4
65,5
65,7
65,9
66,0
66,2
66,3
66,5
66,7
66,8
67,1
67,2
67,4
68,0
68,2
68,4
68,5
68,7
68,8
68,10
68,12
68,13
68,15
68,16
68,18
69,0
69,1
69,3
69,4
70,0
70,1
70,3
70,5
70,6
71,0
71,1
71,3
72,0
72,1
72,3
72,4
73,1
73,2
74,0
74,2
74,3
75,1
75,2
75,4
76,0
76,1
76,3
76,4
77,1
77,2
78,0
78,2
78,3
79,0
79,1
79,3
80,0
80,1
80,3
80,4
81,0
81,1
81,3
82,1
82,2
82,4
83,0
83,2
83,4
83,5
83,7
83,8
84,1
84,3
84,4
84,6
84,7
85,1
85,2
85,4
86,0
86,1
86,3
86,4
87,1
87,3
87,4
88,1
88,2
88,4
89,0
89,2
90,0
90,1
90,3
90,4
91,0
91,2
91,3
92,1
92,2
92,4
92,5
93,1
93,3
93,4
94,1
94,2
94,4
94,6
95,0
95,2
95,3
96,0
96,2
96,3
97,0
97,1
97,3
97,4
97,6
98,1
98,2
98,4
99,0
99,2
100,0
100,1
100,3
100,4
101,0
101,1
101,3
101,5
101,6
102,0
102,1
102,3
102,5
102,6
103,1
103,2
103,4
104,0
104,2
104,4
104,5
105,0
105,1
105,3
106,1
106,2
106,4
106,5
107,1
107,3
107,4
108,1
108,2
108,4
109,0
109,2
109,4
109,5
110,0
110,1
110,3
111,0
111,1
111,3
111,4
112,0
112,1
112,3
112,5
113,0
113,2
113,3
114,1
114,3
114,4
114,6
115,0
115,2
115,3
118,0
118,2
118,3
119,1
119,2
119,3
119,0
118,1
115,4
115,1
114,5
114,2
114,0
113,1
112,4
112,2
111,5
111,2
110,4
110,2
109,6
109,3
109,1
108,3
108,0
107,2
107,0
106,3
106,0
105,2
104,6
104,3
104,1
103,3
103,0
102,4
102,2
101,7
101,4
101,2
100,5
100,2
99,3
99,1
98,3
98,0
97,5
97,2
96,4
96,1
95,4
95,1
94,5
94,3
94,0
93,2
93,0
92,3
92,0
91,1
90,5
90,2
89,3
89,1
88,3
88,0
87,2
87,0
86,2
85,5
85,3
85,0
84,5
84,2
84,0
83,6
83,3
83,1
82,3
82,0
81,2
80,5
80,2
79,4
79,2
78,4
78,1
77,3
77,0
76,2
75,5
75,3
75,0
74,1
73,3
73,0
72,2
71,4
71,2
70,7
70,4
70,2
69,5
69,2
68,19
68,17
68,14
68,11
68,9
68,6
68,3
68,1
67,3
67,0
66,6
66,4
66,1
65,8
65,6
65,3
65,0
64,3
64,1
63,2
62,4
62,2
61,3
61,0
60,2
60,0
59,2
58,7
58,5
58,2
57,3
57,1
56,3
56,0
55,3
55,1
54,4
54,1
53,5
53,2
52,9
52,6
52,4
52,1
51,3
51,1
50,3
50,0
49,1
48,5
48,2
47,4
47,2
46,5
46,2
45,4
45,2
44,5
44,2
44,0
43,3
43,0
42,2
41,6
41,3
41,0
40,3
40,0
39,4
39,2
38,3
38,0
37,16
37,14
37,11
37,8
37,6
37,3
37,0
36,3
36,1
35,3
35,0
34,2
33,5
33,2
33,0
32,3
32,0
31,3
31,1
30,4
30,1
29,8
29,5
29,2
28,3
28,1
27,3
27,0
26,5
26,2
25,3
25,0
24,3
24,0
23,2
23,0
22,2
21,15
0,273
0,345
0,272
0,384
0,271
0,387
0,270
0,383
0,269
0,324
0,268
0,364
0,267
0,335
0,266
0,436
0,265
0,433
0,264
0,349
0,263
0,360
0,262
0,378
0,261
0,430
0,260
0,326
0,259
0,411
0,258
0,371
0,257
0,347
0,256
0,342
0,255
0,355
0,254
0,381
0,253
0,409
0,252
0,353
0,251
0,374
0,250
0,341
0,249
0,337
0,248
0,369
0,247
0,348
0,246
0,320
0,245
0,314
0,244
0,402
0,242
0,399
0,241
0,331
0,240
0,343
0,239
0,393
0,238
0,338
0,237
0,323
0,236
0,330
0,235
0,386
0,234
0,319
0,233
0,328
0,232
0,339
0,231
0,410
0,230
0,313
0,229
0,375
0,228
0,392
0,227
0,397
0,226
0,301
0,225
0,351
0,224
0,332
0,223
0,325
0,222
0,311
0,221
0,437
0,220
0,219
0,317
0,218
0,309
0,217
0,432
0,216
0,420
0,215
0,340
0,214
0,334
0,213
0,431
0,212
0,379
0,211
0,429
0,210
0,361
0,209
0,306
0,208
0,380
0,207
0,362
0,206
0,418
0,205
0,428
0,204
0,377
0,203
0,407
0,202
0,357
0,201
0,426
0,200
0,321
0,199
0,358
0,198
0,350
0,197
0,419
0,196
0,372
0,195
0,404
0,194
0,416
0,193
0,390
0,192
0,356
0,63
0,382
0,62
0,318
0,61
0,427
0,60
0,359
0,59
0,370
0,58
0,327
0,57
0,424
0,56
0,336
0,55
0,417
0,54
0,391
0,53
0,422
0,52
0,413
0,51
0,405
0,50
0,366
0,49
0,398
0,48
0,414
0,47
0,425
0,46
0,333
0,45
0,406
0,6
0,5
0,1
0,443
0,11
0,4
0,2
0,3
0,7
